function G = neural_network(input)
  %input = [Zeff; Zeff0; ZZ0; Z0oZ; lnnfree; nfreeontot; EoED; log(T)];

  % Normalization data.
  i_std = [4.96250006169; 5.58197081063; 0.194737235725; 4.98393656699; 2.44960022063; 0.304238522002; 0.0346150202158; 2.28493453991];
  i_mean = [7.16180583826; 9.20826757659; 0.105288897825; 7.09414665886; 47.8269833474; 0.536040590004; 0.0700255579912; -9.39689075742];
  o_std = [18.4614153562];
  o_mean = [-23.1308212405];

  % Normalize.
  input = (input - i_mean) ./ (i_std);
  
  % Calculate neural network.
  output = [-0.714879] + [0.313425, 0.365205, -0.401247, 0.27235, 0.366586, -0.240842, -0.73432, 0.258075, -0.465097, 0.387249, 0.413034, 0.248198, -0.0743412, 0.17123, -0.237979, 0.495881, -0.117583, -0.33996, 0.399313, -0.33334] *...
(tanh([-0.358867; -0.864826; 0.499195; -0.98604; 0.00667362; 0.101248; -0.264293; -0.733356; 0.41324; -0.374933; -0.6969; -0.30184; 0.6306; -0.128801; 0.881494; -1.34353; -0.338775; 0.254232; -0.556626; 0.853476] + [1.69972, -0.0732938, 0.359386, -1.27997, 0.645247, 1.06349, 0.293833, 0.891535, -0.187275, 0.650322, 0.388697, -0.512927, -2.25464, 0.369063, 0.745306, 0.755525, -0.318848, 0.543033, -2.06867, 0.19712; -1.04607, 0.387263, -0.580325, 1.50589, -1.04636, -2.05228, -0.212272, -0.563302, 0.665667, -0.781381, -1.62952, 0.452453, 0.989699, 0.421983, 0.0298825, -0.700408, -0.998241, -0.121398, 0.800882, -0.997528; -0.25738, 0.773803, -0.640538, 0.0845726, 0.124877, -0.795785, -0.205576, 0.0042033, 0.453413, 0.0430417, -0.347824, -0.628222, 0.36206, 0.781572, -0.494443, 0.00289493, -0.84402, 0.67704, -0.140675, -0.180413; 0.642882, -0.164152, -0.969271, -0.00677084, -0.0260311, -0.0437077, -0.0405492, -0.264373, -0.500355, 0.0648784, 0.248777, -0.338756, -0.479694, -0.955381, 0.611346, -0.109529, 0.882769, -0.223554, -0.0891289, -0.389024; 0.828501, -0.0305366, 0.482141, -0.338378, 0.246781, 1.02345, 0.0849165, 0.0680558, -0.202383, 0.353223, 1.21186, 0.436465, -0.293619, -0.14689, 0.716053, 0.16399, 0.384107, -0.766421, -0.574738, 0.33135; 2.01991, -1.1984, 0.588844, -0.623578, -0.0114134, 0.710804, 1.03915, 0.609069, -0.999322, 0.746372, 0.791538, 0.130716, -1.11152, 0.400218, 0.903472, 0.394233, 1.34909, -0.0228661, -0.964, 0.92083; 2.85986, -0.0838898, 1.73785, -1.32549, 1.57555, 2.58277, 1.73402, 1.25276, -1.31947, 1.57891, 2.66862, 0.89281, -2.79999, 0.147249, 2.48232, -0.00321035, 0.902102, -0.808923, -2.54512, 1.3113; 3.09883, 0.273973, 1.99771, -1.1639, 3.57425, 1.21552, 2.57957, 3.01937, -1.918, 3.90267, 0.897107, 1.37776, -2.08917, -0.285003, 4.43662, 1.02921, 2.09003, -2.09171, -2.58386, 2.5935; -0.920225, 0.721992, -0.634499, 0.733615, -1.44759, -1.20125, -0.458451, -0.980903, 1.06435, -1.465, -0.456593, -0.423571, 1.37962, 0.0920451, -0.996765, -0.810603, -1.78573, 0.731594, 0.732101, -1.58191; -1.23195, 0.372413, -0.827578, 1.87511, -2.09921, -2.41877, 0.821108, 0.341487, 0.3079, -0.617348, -1.56711, -0.572991, 2.36974, 0.00450495, -0.954089, 0.989757, -0.662138, -0.530154, 0.973184, -0.72461; -0.652984, 0.218394, 0.131792, 0.409153, -0.559501, -0.725097, -0.258451, -0.153514, 0.28012, -0.331094, 0.324181, -0.127912, 0.35157, 0.569912, -0.526195, -0.187979, -0.415116, 0.346283, 0.718188, -0.189911; 2.04869, -1.70828, -0.160909, -2.65802, 1.61031, 3.43902, -0.0846658, 0.148826, -1.32811, 1.49562, 2.35135, 0.241054, -5.05274, -0.559856, -0.278224, 0.518389, 3.06232, 0.043774, 0.0823907, 1.86571; -0.573496, 0.961993, 0.601035, -0.238705, 0.00552583, -0.73556, 0.371068, 0.00703254, -0.681493, -0.133467, 0.284362, 0.251078, -0.315095, 1.66472, -0.302845, 0.0533699, -0.305103, 0.501716, -0.686795, 0.379957; -1.00346, 0.529478, -0.460341, 0.270615, 0.0394071, -1.17357, -0.555807, -0.453526, -0.0858609, -0.2023, -0.443937, -0.0571672, -1.12334, -0.198691, 0.0364549, -0.162542, -0.716271, -0.179775, 0.555862, -0.030914; -0.417376, 1.10245, -0.30166, -0.174398, -0.175134, -0.550072, -0.371769, -0.0569066, -0.174097, -0.140222, -0.421508, -0.140099, -0.223753, -0.0824825, 0.156101, 0.00507218, 0.251672, -0.137619, 0.361308, 0.174511; 3.395, -0.14837, 0.781527, -1.37612, 1.40473, 0.996868, 3.13891, 1.60187, -1.60804, 2.48473, 1.09059, 1.00879, -2.96034, -0.529557, 2.91615, 0.224247, 2.2202, -1.12609, -2.4786, 2.08002; 0.480915, -0.359926, -1.17819, -0.219314, 0.00213016, 0.244994, -0.204881, -0.0180823, 0.454155, 0.231427, 0.678745, -0.293614, 0.143983, 0.946195, 0.0924939, -0.122554, -0.0686979, -0.0532319, -0.543945, 0.0606751; 0.0424124, 1.4275, -0.457388, 0.0939487, -0.381916, -0.728159, -0.606411, -0.0372232, 0.245548, -0.202577, -0.65952, -0.433679, 0.523693, 0.490964, 0.058962, -0.0583295, -1.00059, 0.39701, 0.244825, -0.248543; 2.09932, 0.19851, -0.249062, -0.906726, -0.0439594, 1.3041, 0.329583, -0.247242, -0.209716, -0.168314, 2.03065, 0.573264, -1.40381, -0.46206, 1.06725, -1.0976, 1.38154, 0.487719, -0.457726, 0.371509; -0.162017, 0.282947, -0.422748, 0.118679, 0.208882, -0.979467, -0.246123, -0.182144, 0.238469, 0.0412831, -0.283751, -0.232137, -0.0587787, 0.556385, -0.216718, -0.020741, 0.15805, 0.50476, 0.0390345, -0.0982448] *...
