function G = neural_network(input)
  %input = [Zeff; Zeff0; Z0oZ; ZZ0; lnnfree; nfreeontot; EoED; log(T)];
  % Normalization data.
  i_std = [4.96121897262; 5.58308339503; 0.195384621847; 4.98281996514; 2.45185472351; 0.304090526425; 0.0345813696948; 2.28862902169];
  i_mean = [7.1561340244; 9.20374749346; 0.105979895644; 7.08910012241; 47.8203654981; 0.536347788327; 0.0699809427188; -9.4087288982];
  o_std = [18.5581667797];
  o_mean = [-23.1854797433];

  % Normalize.
  input = (input - i_mean) ./ (i_std);
  
  % Calculate neural network.
  output = [-0.354048] + [0.337103, 0.428357, -0.594105, -0.404805, -0.135434, 0.538302, 0.668548, -0.246078, -0.205867, -0.116211, 0.201237, -0.111488, -0.328138, -0.538677, -0.24516, -0.662728, -0.265657, -0.505449, 0.253941, 0.41303] *...
(tanh([-0.365422; -0.541435; -0.120362; 0.441698; 0.271073; 0.0846811; -0.335456; 0.65214; 0.392146; 0.0330519; 0.0864841; 0.220446; -0.0966863; 0.101749; 0.268648; 0.0667153; 0.132026; 0.331983; -0.121323; 0.421627] + [-0.154823, 0.308599, -0.572589, -0.238238, -0.362167, 0.253821, -0.0788845, 0.368198, -0.212118, -0.415831, -1.0133, 0.165338, 0.911854, 0.0504333, 0.211209, 0.58296, 0.276166, 0.669955, 0.0247505, 0.287832; -0.899427, 0.53672, 2.56038, 0.0893639, 0.654187, -1.54287, 0.125897, 0.182398, -0.154058, 1.92524, 1.38865, -0.507525, -0.67005, -0.220407, -0.347468, -1.99282, 0.798649, -0.604075, -1.40786, -1.74513; 1.00537, -1.1243, -3.97596, 0.134963, -1.86062, 1.76404, -0.30165, -0.355833, -0.811667, -2.86241, -1.89583, -0.925384, 0.751834, 0.401852, -1.17778, 1.84373, -2.50316, 1.91291, 1.25797, 1.67716; 0.157951, 0.213897, 0.600155, -0.0709366, -0.0791202, -0.113414, 0.0413595, 0.414113, 0.459884, 0.164724, 0.33171, 0.18918, 0.100886, -0.170649, -0.138978, -0.0633556, 0.464353, 0.0544065, 0.241213, -0.433155; -0.179313, -0.371547, -0.194256, 0.191452, -0.0451111, 0.0367744, -0.294388, -0.172303, -0.111993, -0.128685, 0.0401241, 0.536551, -0.20949, 0.0296644, -0.125866, 0.0949454, 0.104775, 0.0772762, 0.118663, 0.0984962; -0.569687, 0.988833, 0.514154, -0.348016, 0.762836, -0.436512, 0.18521, -0.194627, 0.755836, 0.495836, 0.608618, 0.934112, -0.0816372, -0.561648, 0.619, -0.434644, 0.921563, -0.699381, -0.447303, -0.533824; -0.986729, 1.34603, 2.47086, -0.206191, 1.10328, -2.03667, 0.500792, 0.0265958, 0.0922811, 1.84946, 1.58368, 1.28681, -0.96747, -0.590299, 0.617226, -2.37577, 1.57943, -1.33665, -1.28617, -1.90247; 0.0228929, -0.357626, 0.0036687, 0.00326784, 0.388989, -0.120952, -0.119115, -0.153087, -0.248337, -0.0595692, 0.00601691, -0.110467, -0.50576, 0.063068, -0.0805579, -0.0877702, 0.0227261, 0.0139085, -0.0102506, 0.117615; -0.127737, -0.150363, -0.00998869, -0.139193, -0.165416, -0.0298147, -0.28708, 0.252612, 0.175778, 0.017436, -0.0875469, 0.349855, 0.0880761, -0.102523, -0.377507, 0.226166, 0.0592526, -0.12432, -0.00703712, 0.352409; 0.0856104, -0.15263, 0.348917, 0.128749, 0.732643, -0.00258271, 0.235777, 0.0851335, -0.175082, 0.19945, 0.926457, -0.100378, -0.433352, -0.196979, 0.109081, -0.161535, 0.245298, -0.044211, 0.12104, -0.650164; -0.0800047, -0.00949168, 0.770498, 0.170313, 0.196935, -0.196768, -0.167, 0.0138401, -0.680548, 0.241622, -0.131855, 0.177503, -0.759492, 0.34453, -0.585178, -0.712121, 0.994492, 0.0898823, -0.737289, -1.31018; 0.163653, -0.777249, -0.309766, 0.356521, -0.518347, 0.285808, -0.456883, 0.347452, -0.843718, -0.333395, -0.58321, -0.408313, -0.416041, 0.822367, -0.247801, -0.0504309, -0.329712, 0.460396, 0.543179, 0.149538; 0.426529, -0.524217, -0.186777, 0.0594627, -0.50293, -0.0272839, -0.294804, 0.281857, -0.925072, -0.101805, -0.692224, -0.687586, 0.019249, 0.739985, -0.350615, 0.0504541, -0.526038, 0.558161, 0.163755, 0.621659; 0.76035, -0.859307, -1.11839, 0.155795, -0.966684, 0.734416, -0.272344, 0.322232, -0.750894, -1.27738, -0.912291, -1.57308, 0.63503, 0.54741, -0.828893, 1.1785, -1.22169, 1.34391, 0.727394, 0.781985; 0.0879606, 0.0193635, 0.227363, -0.127889, 0.218443, 0.19438, -0.126399, 0.127255, -0.468446, 0.0102431, -0.172586, 0.059083, -0.747363, 0.445624, 0.110381, -0.103381, -0.298504, 0.30295, 0.0331785, 0.290603; -1.01651, 0.293722, 1.84397, 0.228947, 0.888057, -1.42807, 0.184423, -0.498317, 0.713027, 1.08248, 1.96028, 0.759314, -1.0005, -0.367524, 0.0405919, -1.56469, 1.30211, -1.16688, -0.632349, -2.1663; 0.203945, -0.467296, -0.0449281, 0.102577, -0.271809, 0.128961, -0.642852, 0.381093, -0.265155, -0.152038, -0.57155, -0.00813636, -0.170187, 0.590941, -0.0539112, 0.0689129, 0.160194, 0.217313, 0.0820516, 0.294532; -0.859111, 0.780338, 3.39714, 0.433527, 1.3292, -0.786557, -0.139327, -0.0469067, 0.652893, 1.83969, 2.37314, 0.209313, -0.778331, -0.427223, 0.0369716, -1.18254, 1.8459, -2.00203, -0.702415, -1.46899; -0.18776, -0.395708, 0.0639407, -0.367215, 0.312084, 0.11328, 0.506288, -0.637143, 0.513917, 0.00560487, -0.121842, -0.127081, 0.0184451, -0.479969, 0.0948763, -0.191121, 0.241399, 0.0983702, -0.237314, -0.181282; 0.550359, -0.00375052, -2.65128, -0.155414, -0.882781, 1.03405, -0.138948, 0.518328, 0.141707, -1.67086, -1.64056, -0.860283, 0.902143, -0.0924897, -0.353198, 1.53706, -0.988848, 0.655122, 0.596649, 1.3718] *...
